1
1
1
0
(16 0
((0,0) (31,31) (0,0))
((32,0) (63,31) (0,0))
((64,0) (95,31) (0,0))
((96,0) (127,31) (0,0))
((0,32) (31,63) (0,0))
((32,32) (63,63) (0,0))
((64,32) (95,63) (0,0))
((96,32) (127,63) (0,0))
((0,64) (31,95) (0,0))
((32,64) (63,95) (0,0))
((64,64) (95,95) (0,0))
((96,64) (127,95) (0,0))
((0,96) (31,127) (0,0))
((32,96) (63,127) (0,0))
((64,96) (95,127) (0,0))
((96,96) (127,127) (0,0))
)
16
FabOnDisk: Cell_D_00000 0
FabOnDisk: Cell_D_00000 8274
FabOnDisk: Cell_D_00001 0
FabOnDisk: Cell_D_00001 8275
FabOnDisk: Cell_D_00000 16549
FabOnDisk: Cell_D_00000 24824
FabOnDisk: Cell_D_00001 16551
FabOnDisk: Cell_D_00001 24827
FabOnDisk: Cell_D_00002 0
FabOnDisk: Cell_D_00002 8275
FabOnDisk: Cell_D_00003 0
FabOnDisk: Cell_D_00003 8276
FabOnDisk: Cell_D_00002 16551
FabOnDisk: Cell_D_00002 24827
FabOnDisk: Cell_D_00003 16553
FabOnDisk: Cell_D_00003 24830

16,1
1.63840000000000000e+04,
1.63840000000000000e+04,
1.63840000000000000e+04,
1.63840000000000000e+04,
1.63840000000000000e+04,
1.63840000000000000e+04,
1.63840000000000000e+04,
1.63840000000000000e+04,
1.63840000000000000e+04,
1.63840000000000000e+04,
1.63840000000000000e+04,
1.63840000000000000e+04,
1.63840000000000000e+04,
1.63840000000000000e+04,
1.63840000000000000e+04,
1.63840000000000000e+04,

16,1
1.63840000000000000e+04,
1.63840000000000000e+04,
1.63840000000000000e+04,
1.63840000000000000e+04,
1.63840000000000000e+04,
1.63840000000000000e+04,
1.63840000000000000e+04,
1.63840000000000000e+04,
1.63840000000000000e+04,
1.63840000000000000e+04,
1.63840000000000000e+04,
1.63840000000000000e+04,
1.63840000000000000e+04,
1.63840000000000000e+04,
1.63840000000000000e+04,
1.63840000000000000e+04,

