1
1
1
0
(16 0
((0,0) (31,31) (0,0))
((32,0) (63,31) (0,0))
((64,0) (95,31) (0,0))
((96,0) (127,31) (0,0))
((0,32) (31,63) (0,0))
((32,32) (63,63) (0,0))
((64,32) (95,63) (0,0))
((96,32) (127,63) (0,0))
((0,64) (31,95) (0,0))
((32,64) (63,95) (0,0))
((64,64) (95,95) (0,0))
((96,64) (127,95) (0,0))
((0,96) (31,127) (0,0))
((32,96) (63,127) (0,0))
((64,96) (95,127) (0,0))
((96,96) (127,127) (0,0))
)
16
FabOnDisk: Cell_D_00008 0
FabOnDisk: Cell_D_00009 0
FabOnDisk: Cell_D_00010 0
FabOnDisk: Cell_D_00011 0
FabOnDisk: Cell_D_00004 0
FabOnDisk: Cell_D_00004 8275
FabOnDisk: Cell_D_00005 0
FabOnDisk: Cell_D_00005 8276
FabOnDisk: Cell_D_00000 0
FabOnDisk: Cell_D_00001 0
FabOnDisk: Cell_D_00002 0
FabOnDisk: Cell_D_00003 0
FabOnDisk: Cell_D_00006 0
FabOnDisk: Cell_D_00006 8276
FabOnDisk: Cell_D_00007 0
FabOnDisk: Cell_D_00007 8277

16,1
6.39184309229294034e-01,
4.66016498817819647e-01,
4.66016498817819425e-01,
6.39184309229290371e-01,
4.66016498817820202e-01,
-1.39803956349955821e-01,
-1.39803956349954656e-01,
4.66016498817820479e-01,
4.66016498817820424e-01,
-1.39803956349954100e-01,
-1.39803956349955683e-01,
4.66016498817820590e-01,
6.39184309229290148e-01,
4.66016498817821700e-01,
4.66016498817821256e-01,
6.39184309229292036e-01,

16,1
9.74084162623511607e-01,
8.55797720906797066e-01,
8.55797720906798176e-01,
9.74084162623512606e-01,
8.55797720906796955e-01,
6.23558108441919723e-01,
6.23558108441923609e-01,
8.55797720906797732e-01,
8.55797720906801174e-01,
6.23558108441921277e-01,
6.23558108441923498e-01,
8.55797720906799952e-01,
9.74084162623510053e-01,
8.55797720906799064e-01,
8.55797720906794290e-01,
9.74084162623510608e-01,

