1
1
1
0
(16 0
((0,0) (127,127) (0,0))
((128,0) (255,127) (0,0))
((256,0) (383,127) (0,0))
((384,0) (511,127) (0,0))
((0,128) (127,255) (0,0))
((128,128) (255,255) (0,0))
((256,128) (383,255) (0,0))
((384,128) (511,255) (0,0))
((0,256) (127,383) (0,0))
((128,256) (255,383) (0,0))
((256,256) (383,383) (0,0))
((384,256) (511,383) (0,0))
((0,384) (127,511) (0,0))
((128,384) (255,511) (0,0))
((256,384) (383,511) (0,0))
((384,384) (511,511) (0,0))
)
16
FabOnDisk: Cell_D_00008 0
FabOnDisk: Cell_D_00009 0
FabOnDisk: Cell_D_00010 0
FabOnDisk: Cell_D_00011 0
FabOnDisk: Cell_D_00004 0
FabOnDisk: Cell_D_00004 131158
FabOnDisk: Cell_D_00005 0
FabOnDisk: Cell_D_00005 131160
FabOnDisk: Cell_D_00000 0
FabOnDisk: Cell_D_00001 0
FabOnDisk: Cell_D_00002 0
FabOnDisk: Cell_D_00003 0
FabOnDisk: Cell_D_00006 0
FabOnDisk: Cell_D_00006 131158
FabOnDisk: Cell_D_00007 0
FabOnDisk: Cell_D_00007 131160

16,1
6.58245992810220892e-01,
5.07590613153292569e-01,
5.07590613153285242e-01,
6.58245992810225000e-01,
4.62818363767561691e-01,
-1.27393982427445873e-01,
-1.27393982427443764e-01,
4.62818363767558638e-01,
4.60160578126121655e-01,
-1.43953020065982151e-01,
-1.43953020065982901e-01,
4.60160578126123598e-01,
6.08523367694221662e-01,
4.07890498662722145e-01,
4.07890498662720757e-01,
6.08523367694207784e-01,

16,1
9.89547649699922705e-01,
8.79087377253576663e-01,
8.79087377253570001e-01,
9.89547649699933141e-01,
8.69626963474079417e-01,
6.54534158407824695e-01,
6.54534158407827693e-01,
8.69626963474090853e-01,
8.49640888806572292e-01,
6.04422912380931376e-01,
6.04422912380923938e-01,
8.49640888806561079e-01,
9.64509211847868531e-01,
8.38972317279630286e-01,
8.38972317279642832e-01,
9.64509211847866310e-01,

