1
1
1
0
(16 0
((0,0) (31,31) (0,0))
((32,0) (63,31) (0,0))
((64,0) (95,31) (0,0))
((96,0) (127,31) (0,0))
((0,32) (31,63) (0,0))
((32,32) (63,63) (0,0))
((64,32) (95,63) (0,0))
((96,32) (127,63) (0,0))
((0,64) (31,95) (0,0))
((32,64) (63,95) (0,0))
((64,64) (95,95) (0,0))
((96,64) (127,95) (0,0))
((0,96) (31,127) (0,0))
((32,96) (63,127) (0,0))
((64,96) (95,127) (0,0))
((96,96) (127,127) (0,0))
)
16
FabOnDisk: Cell_D_00002 0
FabOnDisk: Cell_D_00006 0
FabOnDisk: Cell_D_00007 0
FabOnDisk: Cell_D_00007 8275
FabOnDisk: Cell_D_00006 8275
FabOnDisk: Cell_D_00003 0
FabOnDisk: Cell_D_00008 0
FabOnDisk: Cell_D_00008 8276
FabOnDisk: Cell_D_00004 0
FabOnDisk: Cell_D_00009 0
FabOnDisk: Cell_D_00000 0
FabOnDisk: Cell_D_00000 8276
FabOnDisk: Cell_D_00009 8276
FabOnDisk: Cell_D_00005 0
FabOnDisk: Cell_D_00001 0
FabOnDisk: Cell_D_00001 8277

16,1
-8.21442663656824917e-02,
-1.34363623219481393e-01,
-1.34363623219480671e-01,
-8.21442663656816174e-02,
-1.34363623219481421e-01,
-1.95085474327041652e-01,
-1.95085474327041680e-01,
-1.34363623219480949e-01,
-1.34363623219480754e-01,
-1.95085474327041236e-01,
-1.95085474327042763e-01,
-1.34363623219481670e-01,
-8.21442663656825056e-02,
-1.34363623219482059e-01,
-1.34363623219481892e-01,
-8.21442663656826028e-02,

16,1
1.16990422159163845e-01,
3.65198845444700618e-02,
3.65198845444699091e-02,
1.16990422159163512e-01,
3.65198845444696871e-02,
-8.81718227901711754e-02,
-8.81718227901705232e-02,
3.65198845444698952e-02,
3.65198845444699646e-02,
-8.81718227901712448e-02,
-8.81718227901713419e-02,
3.65198845444700618e-02,
1.16990422159164442e-01,
3.65198845444700340e-02,
3.65198845444701312e-02,
1.16990422159164290e-01,

