1
1
1
0
(16 0
((0,0) (63,63) (0,0))
((64,0) (127,63) (0,0))
((128,0) (191,63) (0,0))
((192,0) (255,63) (0,0))
((0,64) (63,127) (0,0))
((64,64) (127,127) (0,0))
((128,64) (191,127) (0,0))
((192,64) (255,127) (0,0))
((0,128) (63,191) (0,0))
((64,128) (127,191) (0,0))
((128,128) (191,191) (0,0))
((192,128) (255,191) (0,0))
((0,192) (63,255) (0,0))
((64,192) (127,255) (0,0))
((128,192) (191,255) (0,0))
((192,192) (255,255) (0,0))
)
16
FabOnDisk: Cell_D_00008 0
FabOnDisk: Cell_D_00009 0
FabOnDisk: Cell_D_00010 0
FabOnDisk: Cell_D_00011 0
FabOnDisk: Cell_D_00004 0
FabOnDisk: Cell_D_00004 32852
FabOnDisk: Cell_D_00005 0
FabOnDisk: Cell_D_00005 32855
FabOnDisk: Cell_D_00000 0
FabOnDisk: Cell_D_00001 0
FabOnDisk: Cell_D_00002 0
FabOnDisk: Cell_D_00003 0
FabOnDisk: Cell_D_00006 0
FabOnDisk: Cell_D_00006 32853
FabOnDisk: Cell_D_00007 0
FabOnDisk: Cell_D_00007 32856

16,1
-8.37501692723904567e-02,
-1.35368784006037884e-01,
-1.35368784006037496e-01,
-8.37501692723904290e-02,
-1.35368784006036857e-01,
-1.95259332558584964e-01,
-1.95259332558585103e-01,
-1.35368784006036663e-01,
-1.35368784006036386e-01,
-1.95259332558583826e-01,
-1.95259332558585019e-01,
-1.35368784006036413e-01,
-8.37501692723906926e-02,
-1.35368784006035997e-01,
-1.35368784006036857e-01,
-8.37501692723897212e-02,

16,1
1.18434625824794429e-01,
3.80819631540243522e-02,
3.80819631540242551e-02,
1.18434625824795012e-01,
3.80819631540246159e-02,
-8.67654984877715835e-02,
-8.67654984877713753e-02,
3.80819631540246159e-02,
3.80819631540243453e-02,
-8.67654984877710422e-02,
-8.67654984877717639e-02,
3.80819631540237694e-02,
1.18434625824794942e-01,
3.80819631540242828e-02,
3.80819631540238387e-02,
1.18434625824796011e-01,

